1
1
17
C
60
2
15
60
0
40
10
1
1
1
C
10
2
15
60
0
40
1
15
1
1
V
20
1
5
20
0
20
1
9
0
0
T
30
1
5
20
1
30
1
13
0
0
C
40
1
10
40
0
40
2
3
0
0
T
30
1
5
20
1
30
3
1
0
0
V
20
1
5
20
0
20
3
8
0
0
C
10
2
15
60
0
40
3
14
1
1
F
80
1
10
20
0
80
4
5
0
0
F
80
1
10
20
0
80
5
12
0
0
T
30
1
5
20
1
30
6
3
0
0
T
30
1
5
20
1
30
7
10
0
0
C
45
1
10
40
0
40
8
2
1
1
V
20
1
5
20
0
20
8
6
0
0
T
30
1
5
20
1
30
8
15
0
0
C
40
1
10
40
0
40
9
13
0
0
T
30
1
5
20
1
30
10
3
0
0
2
3
4
5
6
7
1
2
3
-999
13
1
-888
0
0
0
0
0
1
0
0
1
2
3
4
5
6
7
1
2
3
-999
8
2
-888
0
0
0
0
0
0
0
0
