0
0
17
C
40
1
10
40
0
40
10
1
1
1
C
40
1
10
40
0
40
1
15
1
1
V
20
1
5
20
0
20
1
9
1
1
T
30
1
5
20
1
30
1
13
1
1
C
40
1
10
40
0
40
2
3
1
1
T
30
1
5
20
1
30
3
1
1
1
V
20
1
5
20
0
20
3
8
1
1
C
40
1
10
40
0
40
3
14
1
1
F
80
1
10
20
0
80
4
5
1
1
F
80
1
10
20
0
80
5
12
0
0
T
30
2
10
30
1
30
6
3
1
1
T
0
2
10
30
1
30
7
10
0
1
C
40
1
10
40
0
40
8
2
0
0
V
10
2
20
40
0
20
8
6
1
0
T
30
1
5
20
1
30
8
15
0
0
C
40
1
10
40
0
40
9
13
0
0
T
30
1
5
20
1
30
10
3
0
0
14
12
11
0
0
0
0
0
0
0
0
9
8
7
6
5
4
3
2
1
0
0
0
0
0
1
0
0
